Item:  9  8  7  6  5  4  3  2  1 
Next:  1  2  3  4  5  6  7  8  0 
 5
Item:  9  8  7  6  5  4  3  2  1 
Next:  1  2  3  5  5  6  7  8  0 
 9
Item:  9  8  7  6  5  4  3  2  1 
Next:  1  2  3  5  5  6  7  8  1 
 3
Item:  9  8  7  6  5  4  3  2  1 
Next:  1  2  3  5  5  7  7  8  1 
 6
Item:  9  8  7  6  5  4  3  2  1 
Next:  1  2  5  5  5  7  7  8  1 
 7
Item:  9  8  7  6  5  4  3  2  1 
Next:  1  5  5  5  5  7  7  8  1 
 4
Item:  9  8  7  6  5  4  3  2  1 
Next:  1  7  5  5  5  7  7  8  1 
 1
Item:  9  8  7  6  5  4  3  2  1 
Next:  1  7  5  5  5  7  7  1  1 
 8
